   1.9719450e-01
  -8.6321000e-01
   8.4150552e-01
  -9.2958124e-01
  -3.7704686e-01
  -3.3303920e-02
   4.0329622e-01
   8.9082158e-01
   5.3563523e-02
   6.2561244e-01
   7.8757469e-01
  -3.4769170e-01
  -5.6701258e-01
   8.0020658e-01
   1.4000831e-01
  -7.4503052e-02
  -5.2025445e-02
  -1.4243200e-01
  -4.9471275e-01
   6.2165440e-01
  -1.2302233e-01
   2.3276295e-01
  -7.6625333e-01
  -7.9638052e-02
   9.0331497e-01
   8.4443670e-02
  -2.2093685e-01
  -6.8868019e-01
  -3.2633634e-01
  -1.0659093e-01
   1.0500731e+00
  -6.9365629e-02
  -2.5176411e-01
   4.5578693e-01
  -5.8217121e-02
  -2.8985034e-01
   2.7648196e-01
   4.6265436e-01
  -3.8043664e-01
   1.7117300e-01
  -5.1695292e-01
   8.0134596e-01
  -2.2960810e-01
   8.6412727e-01
  -7.4120151e-01
   1.3098009e-01
  -5.7771111e-01
   3.0516264e-01
   7.4483669e-02
  -8.0322747e-01
  -4.4230420e-01
  -7.9586475e-01
  -5.1542737e-01
  -8.9069026e-01
   7.2743022e-01
  -3.2209008e-01
   6.8067514e-02
  -6.4483058e-01
  -4.3703815e-01
  -5.5403779e-01
  -7.3336355e-01
   6.2196397e-01
  -5.5700119e-01
  -2.1675393e-02
   6.1027879e-01
  -1.8657247e-01
  -8.8007939e-01
   1.1751162e-01
   6.5816555e-01
   1.9081384e-01
   4.6827348e-01
  -8.7651041e-01
   5.7738210e-01
  -3.9126591e-01
   4.2139887e-01
  -2.8597842e-01
  -9.3555757e-01
  -6.0154798e-01
   5.9660426e-01
  -6.3317703e-01
   4.0455472e-01
   8.7349745e-01
   4.9703574e-01
  -9.1244334e-01
  -3.8493373e-01
   4.9672949e-01
  -8.6716561e-01
   7.4012022e-02
  -5.1061581e-01
  -4.4937867e-01
  -7.4848629e-01
  -8.9662037e-01
  -2.7572088e-01
   8.2094024e-01
   6.6667421e-01
  -8.3432358e-02
   8.9815515e-01
   1.0361434e-01
  -4.0959337e-01
   1.7508029e-01
  -5.8737701e-02
  -5.8153649e-01
  -1.9954260e-01
   1.9883414e-01
   5.2650503e-01
   9.2223186e-01
   1.4641911e-01
   4.2293489e-01
   3.4444805e-02
   7.6994615e-01
  -5.8782569e-02
   4.2346079e-01
  -4.1011846e-01
   3.0720026e-01
   5.6258018e-01
  -8.6638261e-01
   3.0416097e-01
   9.2233408e-02
  -3.6768315e-01
  -5.6611085e-01
   7.5922426e-01
   9.9368245e-01
   7.6411278e-02
   4.5684113e-01
   6.2381411e-01
   5.9976210e-01
  -8.4740779e-01
  -3.7414134e-01
  -5.6306319e-01
  -5.0840325e-01
   9.5726520e-01
  -9.2861775e-01
  -1.3700869e-01
  -4.3895863e-01
   1.0277222e+00
   7.8708095e-01
  -4.0846020e-02
  -2.8105444e-01
   2.1419536e-01
  -2.8572665e-01
  -1.0086167e+00
  -3.4929546e-01
  -4.2836610e-01
  -9.4751406e-01
   1.1067415e-01
  -7.2893252e-01
  -2.8516503e-01
   5.5114417e-01
  -4.5279541e-01
   1.5734358e-01
   5.2002517e-01
  -6.9843824e-02
  -5.5204089e-01
  -6.3086341e-02
  -5.4406728e-01
   8.5654125e-01
  -6.8955387e-01
   6.5866486e-01
   2.7612359e-01
  -5.0291912e-01
  -4.2512472e-01
  -9.0322029e-01
  -7.5337230e-01
  -3.2123178e-01
   8.6778551e-01
   7.3836723e-01
   5.8103241e-01
   8.8144058e-01
  -3.8449856e-01
  -8.2005039e-01
   5.5154590e-01
  -5.8339029e-01
  -2.9978244e-01
  -8.9960764e-01
  -1.9663870e-01
  -7.2465102e-01
   4.4643485e-01
   7.2786520e-01
  -6.2115485e-01
  -3.6130867e-01
   3.8021016e-01
   9.2816406e-01
   4.5077425e-02
  -6.7175808e-01
  -6.9484259e-01
  -4.8104873e-01
  -1.8077299e-01
   7.0740805e-01
   2.8248190e-01
   2.7130147e-01
  -8.3790852e-02
   3.0653380e-01
  -5.9502992e-01
  -7.5401420e-02
  -2.0024416e-01
   9.6604616e-01
  -3.4782401e-01
  -8.8508377e-01
   4.0275463e-01
   7.7955899e-01
   3.9863533e-01
  -2.4026601e-01
  -8.3653996e-01
  -7.2918407e-01
   3.4481953e-01
   8.9577044e-01
   4.8795238e-01
  -6.0968145e-01
   7.0072389e-01
  -6.6858451e-01
  -9.6415178e-01
   3.0699682e-01
   2.7658825e-01
   7.3156218e-01
   5.5614011e-01
  -5.8326955e-01
  -6.8455231e-01
  -1.2384395e-01
  -8.1042447e-01
  -3.2016463e-01
   9.1757186e-01
   5.8673578e-01
  -1.7739939e-01
   2.0981475e-01
   3.6215494e-01
   8.1892755e-01
   8.6856581e-02
   7.9609507e-01
  -2.5119832e-01
  -5.7918531e-01
  -2.3140116e-01
  -1.4641893e-01
   3.2665190e-01
  -8.2711911e-01
  -3.0141090e-01
   6.5173713e-01
  -9.8717076e-01
  -1.0116631e-01
  -8.2443838e-01
   4.4394362e-01
   4.7695751e-01
  -2.7292788e-01
  -1.3529498e-02
  -1.2481515e-01
  -6.8309083e-01
   3.2695878e-01
  -9.9046543e-01
  -4.3157191e-01
   6.7918788e-01
   2.7601685e-01
   1.8762168e-01
   4.7313287e-01
   2.8000652e-01
  -2.9759291e-01
  -8.3490757e-01
  -6.7910854e-01
  -3.8816343e-01
  -4.2464857e-02
   2.9931918e-01
   9.2909921e-01
  -9.8640164e-01
  -1.7189749e-02
   2.7534859e-01
   6.4316156e-01
   2.1620826e-01
  -2.9343252e-01
  -3.6366072e-02
  -1.4861243e-01
   1.0044015e+00
   1.7781903e-01
   3.0251551e-01
  -8.0157563e-01
  -5.7739890e-01
   2.3075627e-01
  -6.3700842e-01
   6.2869412e-01
   4.5008616e-02
  -9.3739844e-01
  -5.6449116e-01
  -4.7835331e-01
   7.9401752e-01
  -1.0130815e+00
   3.1348296e-01
   3.8439659e-01
  -6.4742660e-01
  -6.6515968e-01
   2.4955948e-02
   9.2430933e-01
   3.2246059e-01
  -7.4314811e-01
   6.7592119e-01
  -3.5584125e-01
   3.4135109e-02
  -7.1792157e-01
  -7.5734886e-01
   3.6916697e-01
   9.9400493e-02
   9.8276811e-01
   3.9432038e-01
   4.8615543e-01
   9.0093314e-01
   6.7107859e-01
   4.0771819e-01
   5.1129234e-01
  -3.7743779e-01
   8.6033504e-01
   9.6728869e-01
   1.1724590e-01
  -5.3664661e-01
   5.8269037e-01
  -7.0400595e-01
   1.0820194e-01
   7.9929427e-01
  -5.3575672e-01
   9.5037920e-01
   4.6625248e-02
   9.1575147e-02
   7.3663495e-01
  -3.7985377e-01
   3.6716712e-02
  -9.4119969e-01
   6.0849139e-01
  -5.0589098e-01
  -4.3219556e-01
   9.9310373e-01
   5.2286670e-01
   3.0556927e-01
   5.6176530e-01
   1.9277007e-01
   2.0724097e-01
  -3.4633143e-01
   5.1094809e-01
   6.8995368e-01
   9.7426696e-01
   8.7961754e-01
   9.4836581e-02
  -1.1463091e-01
   3.1035530e-02
   4.1619561e-01
   5.2380861e-03
  -1.1678354e-01
   9.7147609e-01
   2.7122667e-01
   5.7791510e-01
   4.2607017e-01
  -7.2762685e-01
  -9.6200589e-01
  -8.7771494e-01
   2.6617967e-01
   7.4112680e-01
  -5.0001406e-01
   5.2758464e-01
  -7.8123163e-01
  -5.1946582e-01
  -2.5017511e-01
  -2.6131676e-01
  -1.4896808e-01
  -6.7285623e-02
  -8.2042374e-01
   9.7634606e-01
  -7.1539529e-01
   4.4491824e-01
   5.9562737e-01
   7.5648538e-01
   6.8370545e-01
  -4.3240121e-01
   7.2106082e-01
   6.3269210e-01
  -8.9831894e-01
   6.9377053e-01
  -7.5966175e-01
   5.2997767e-01
   6.0246752e-02
   3.6184058e-02
  -9.5015586e-01
  -5.7232657e-01
   2.9267129e-02
   6.6566614e-01
  -1.2072365e-01
  -4.3490996e-01
   6.5773954e-01
  -8.0598267e-01
   2.2781802e-01
   9.9859260e-01
  -4.1726772e-01
   7.2273271e-01
   4.7143715e-01
  -7.5114471e-01
   2.3545941e-01
   6.7146390e-01
  -4.8442104e-01
  -2.9510802e-01
   4.2921619e-01
  -2.3042702e-01
   8.2353062e-01
  -2.5075326e-01
  -7.9509244e-01
   9.9736373e-02
  -5.2088434e-01
  -4.5297767e-01
